   5.00000007E-02  0.193845347    
  0.100000001      0.206126392    
  0.150000006      0.221947432    
  0.200000003      0.219667599    
  0.250000000      0.190580651    
  0.300000012      0.169198841    
  0.349999994      0.202070206    
  0.400000006      0.247830823    
  0.450000018      0.247123733    
  0.500000000      0.189483121    
  0.550000012      0.145905167    
  0.600000024      0.211615399    
  0.650000036      0.282933265    
  0.699999988      0.277116358    
  0.750000000      0.187685087    
  0.800000012      0.125455230    
  0.850000024      0.236177936    
  0.900000036      0.327679187    
  0.949999988      0.311052799    
   1.00000000      0.185274780    
   1.05000007      0.112275027    
   1.10000002      0.277127653    
   1.14999998      0.384088725    
   1.20000005      0.351115078    
   1.25000000      0.182499275    
   1.30000007      0.115455419    
   1.35000002      0.337173104    
   1.39999998      0.456434608    
   1.45000005      0.400855035    
   1.50000000      0.180000439    
   1.55000007      0.145259246    
   1.60000002      0.422412694    
   1.64999998      0.552864313    
   1.70000005      0.466509700    
   1.75000000      0.179526702    
   1.80000007      0.208403677    
   1.85000002      0.545980513    
   1.89999998      0.689429224    
   1.95000005      0.560211122    
   2.00000000      0.185952112    
   2.04999995      0.316873312    
   2.10000014      0.737224817    
   2.15000010      0.901416123    
   2.20000005      0.709211111    
   2.25000000      0.213459134    
   2.29999995      0.508098781    
   2.35000014       1.07208443    
   2.40000010       1.28322744    
   2.45000005      0.990298867    
   2.50000000      0.306345761    
   2.54999995      0.911773562    
   2.60000014       1.81767392    
   2.65000010       2.19906306    
   2.70000005       1.73597431    
   2.75000000      0.668098092    
   2.79999995       2.31471300    
   2.85000014       5.02029800    
   2.90000010       7.64162064    
   2.95000005       9.86026955    
   3.00000000       39.3614998    
   3.04999995       10.2659206    
   3.10000014       7.78081274    
   3.15000010       5.06737471    
   3.20000005       2.37136960    
   3.25000000      0.944158018    
   3.29999995       1.87237692    
   3.35000014       2.27848744    
   3.40000010       1.87507725    
   3.45000005       1.00534475    
   3.50000000      0.559182703    
   3.54999995       1.10156262    
   3.60000014       1.35523295    
   3.65000010       1.13461745    
   3.70000005      0.618713200    
   3.75000000      0.433574677    
   3.79999995      0.808370531    
   3.85000014      0.970859289    
   3.90000010      0.803131878    
   3.95000005      0.439235508    
   4.00000000      0.371320158    
   4.05000019      0.651557744    
   4.09999990      0.758023858    
   4.15000010      0.614231706    
   4.20000029      0.338175505    
   4.25000000      0.333681524    
   4.30000019      0.552421689    
   4.34999990      0.621535420    
   4.40000010      0.491820753    
   4.45000029      0.275466084    
   4.50000000      0.307968467    
   4.55000019      0.483061820    
   4.59999990      0.525711000    
   4.65000010      0.405948699    
   4.70000029      0.234481320    
   4.75000000      0.288841993    
   4.80000019      0.431081653    
   4.84999990      0.454176754    
   4.90000010      0.342429578    
   4.95000029      0.206935763    
   5.00000000      0.273684740    
